infected_status,infection_chance,recovery_chance,interaction_rate
recovered,0.03,0.9,0.10500215104453339
recovered,0.03,0.9,0.24729424283280246
recovered,0.03,0.9,0.11738776652588323
recovered,0.03,0.9,0.14372759496072068
recovered,0.03,0.9,0.1397675301373297
recovered,0.03,0.9,0.14408812440813934
recovered,0.03,0.9,0.1012997519356122
recovered,0.03,0.9,0.16805010330359837
recovered,0.03,0.9,0.16731890902252536
recovered,0.03,0.9,0.26949887326949196
recovered,0.03,0.9,0.24594635733876358
recovered,0.03,0.9,0.17570687544167068
recovered,0.03,0.9,0.2237039504728492
recovered,0.03,0.9,0.24091436724298468
recovered,0.03,0.9,0.15787759272042143
recovered,0.03,0.9,0.12020028588194583
recovered,0.03,0.9,0.17296643579401685
recovered,0.03,0.9,0.15339556440982266
recovered,0.03,0.9,0.22182620113339763
recovered,0.03,0.9,0.1326804987523857
recovered,0.03,0.9,0.22799995197081857
recovered,0.03,0.9,0.2685703840379619
recovered,0.03,0.9,0.10642004878080756
recovered,0.03,0.9,0.1421965687172653
recovered,0.03,0.9,0.1629355761596956
recovered,0.03,0.9,0.2829095179481087
recovered,0.03,0.9,0.1493255015387967
recovered,0.03,0.9,0.2169171980447081
recovered,0.03,0.9,0.14386415183145668
recovered,0.03,0.9,0.11818188243475879
recovered,0.03,0.9,0.225489208340618
recovered,0.03,0.9,0.11270554123039143
recovered,0.03,0.9,0.20582286901982738
recovered,0.03,0.9,0.10229620438856393
recovered,0.03,0.9,0.20739406608175903
recovered,0.03,0.9,0.1223104347191753
recovered,0.03,0.9,0.290763185504216
recovered,0.03,0.9,0.20011722261005965
recovered,0.03,0.9,0.27410371396735334
recovered,0.03,0.9,0.22179404228763444
recovered,0.03,0.9,0.20787580602392514
recovered,0.03,0.9,0.1001143792255887
recovered,0.03,0.9,0.2858197232529234
recovered,0.03,0.9,0.1615028250805323
recovered,0.03,0.9,0.28938988905959884
recovered,0.03,0.9,0.11384250369367672
recovered,0.03,0.9,0.12567829289995255
recovered,0.03,0.9,0.15301132578801183
recovered,0.03,0.9,0.14235964108841642
recovered,0.03,0.9,0.14023021267793917
recovered,0.03,0.9,0.2299756115278907
recovered,0.03,0.9,0.12420083917365315
recovered,0.03,0.9,0.21766174369144664
recovered,0.03,0.9,0.11419861720180652
recovered,0.03,0.9,0.28108400260122557
recovered,0.03,0.9,0.14760092687379905
recovered,0.03,0.9,0.126462369745005
recovered,0.03,0.9,0.19453420526235882
recovered,0.03,0.9,0.13808198287237555
recovered,0.03,0.9,0.18471572460398417
recovered,0.03,0.9,0.2346729094586603
recovered,0.03,0.9,0.18052425642045375
recovered,0.03,0.9,0.14973126678405713
recovered,0.03,0.9,0.18437632796688083
recovered,0.03,0.9,0.2846531198552026
recovered,0.03,0.9,0.2100650624899696
recovered,0.03,0.9,0.2672055170159904
recovered,0.03,0.9,0.26973914688286105
recovered,0.03,0.9,0.14274945983983633
recovered,0.03,0.9,0.17579462379538321
recovered,0.03,0.9,0.25681412038971385
recovered,0.03,0.9,0.29146352817193466
recovered,0.03,0.9,0.2436816550592652
recovered,0.03,0.9,0.29374187299383175
recovered,0.03,0.9,0.2495951120758128
recovered,0.03,0.9,0.2005700765839027
recovered,0.03,0.9,0.29215578065489006
recovered,0.03,0.9,0.21900702129000554
recovered,0.03,0.9,0.12397732278942485
recovered,0.03,0.9,0.21890383070668823
recovered,0.03,0.9,0.21673445785824494
recovered,0.03,0.9,0.14085183988470729
recovered,0.03,0.9,0.1791571693582509
recovered,0.03,0.9,0.1632354392543708
recovered,0.03,0.9,0.1916571045237172
recovered,0.03,0.9,0.1146521442199266
recovered,0.03,0.9,0.28665187559874183
recovered,0.03,0.9,0.1739054177477768
recovered,0.03,0.9,0.24070798501747417
recovered,0.03,0.9,0.23079526354214652
recovered,0.03,0.9,0.15987575043999558
recovered,0.03,0.9,0.12685822287867354
recovered,0.03,0.9,0.21064472817696317
recovered,0.03,0.9,0.24352243742775959
recovered,0.03,0.9,0.15279678032608188
recovered,0.03,0.9,0.2692207426589711
recovered,0.03,0.9,0.15533604479445035
recovered,0.03,0.9,0.22742267546027592
recovered,0.03,0.9,0.21033608422527825
recovered,0.03,0.9,0.11504877201475341
recovered,0.03,0.9,0.20911805784110446
recovered,0.03,0.9,0.12961875711349652
recovered,0.03,0.9,0.279796297748518
recovered,0.03,0.9,0.2797849273052949
recovered,0.03,0.9,0.12055872433435713
recovered,0.03,0.9,0.18127547796642335
recovered,0.03,0.9,0.28597620313873484
recovered,0.03,0.9,0.26215434398807935
recovered,0.03,0.9,0.24731289435101642
recovered,0.03,0.9,0.2604470277874278
recovered,0.03,0.9,0.1533611419188944
recovered,0.03,0.9,0.2744333565812179
recovered,0.03,0.9,0.26331732111938577
recovered,0.03,0.9,0.25906909983057236
recovered,0.03,0.9,0.13862595766554173
recovered,0.03,0.9,0.29337782080967223
recovered,0.03,0.9,0.17993567687201217
recovered,0.03,0.9,0.2878474280649431
recovered,0.03,0.9,0.13571356323449274
recovered,0.03,0.9,0.12168050944294223
recovered,0.03,0.9,0.16273546283899826
recovered,0.03,0.9,0.17703908666894544
recovered,0.03,0.9,0.24175705676683412
recovered,0.03,0.9,0.20769039941855838
recovered,0.03,0.9,0.2341257008865999
recovered,0.03,0.9,0.23284753698225447
recovered,0.03,0.9,0.2696030559012671
recovered,0.03,0.9,0.16185693244173066
recovered,0.03,0.9,0.1591310405051894
recovered,0.03,0.9,0.2880727341460366
recovered,0.03,0.9,0.2231029831902761
recovered,0.03,0.9,0.10008118793945751
recovered,0.03,0.9,0.2159969562391364
recovered,0.03,0.9,0.18843195986096148
recovered,0.03,0.9,0.28023616516565086
recovered,0.03,0.9,0.11695910734502435
recovered,0.03,0.9,0.16703765108196017
recovered,0.03,0.9,0.2345591341114334
recovered,0.03,0.9,0.10488507754536527
recovered,0.03,0.9,0.2699475389249464
recovered,0.03,0.9,0.22595307614754273
recovered,0.03,0.9,0.1988754338020874
recovered,0.03,0.9,0.10110896362760635
recovered,0.03,0.9,0.12131745931270779
recovered,0.03,0.9,0.29159320845590797
recovered,0.03,0.9,0.14983965593199433
recovered,0.03,0.9,0.2602833203444529
recovered,0.03,0.9,0.21909046369388394
recovered,0.03,0.9,0.22253046455235256
recovered,0.03,0.9,0.266113833944283
recovered,0.03,0.9,0.24873108843191696
recovered,0.03,0.9,0.1494479475019319
recovered,0.03,0.9,0.20425996256559642
recovered,0.03,0.9,0.11549667077294717
recovered,0.03,0.9,0.16394191368375247
recovered,0.03,0.9,0.14625229594563735
recovered,0.03,0.9,0.11284577014277562
recovered,0.03,0.9,0.18315484682063118
recovered,0.03,0.9,0.28096769566803537
recovered,0.03,0.9,0.27134640646078684
recovered,0.03,0.9,0.10117921671679862
recovered,0.03,0.9,0.2706895901138209
recovered,0.03,0.9,0.24950313379561015
recovered,0.03,0.9,0.14410773886476377
recovered,0.03,0.9,0.10580496398934305
recovered,0.03,0.9,0.18086333382752742
recovered,0.03,0.9,0.12552555945623214
recovered,0.03,0.9,0.17880405126794094
recovered,0.03,0.9,0.22854992960186715
recovered,0.03,0.9,0.11005692669772552
recovered,0.03,0.9,0.1653691609762617
recovered,0.03,0.9,0.250401964710957
recovered,0.03,0.9,0.11638124655232851
recovered,0.03,0.9,0.29998156570184187
recovered,0.03,0.9,0.25624660992217896
recovered,0.03,0.9,0.28992234654319776
recovered,0.03,0.9,0.13047646915695807
recovered,0.03,0.9,0.2127939163860038
recovered,0.03,0.9,0.2533796196712481
recovered,0.03,0.9,0.24958513039105715
recovered,0.03,0.9,0.29294415460681755
recovered,0.03,0.9,0.16239144887893903
recovered,0.03,0.9,0.17933088830332547
recovered,0.03,0.9,0.23812288318659605
recovered,0.03,0.9,0.2544961769902448
recovered,0.03,0.9,0.12421101301346303
recovered,0.03,0.9,0.1694407530616898
recovered,0.03,0.9,0.20119215793541556
recovered,0.03,0.9,0.2644661836180116
recovered,0.03,0.9,0.22711702122028918
recovered,0.03,0.9,0.18709742900153542
recovered,0.03,0.9,0.15401647927748016
recovered,0.03,0.9,0.19669950077663922
recovered,0.03,0.9,0.15367910760984507
recovered,0.03,0.9,0.11733257961113489
recovered,0.03,0.9,0.19294169332064634
recovered,0.03,0.9,0.10573999955401792
recovered,0.03,0.9,0.1424239700359478
recovered,0.03,0.9,0.2760639959516451
recovered,0.03,0.9,0.10203022288773543
recovered,0.03,0.9,0.24401493282083886
recovered,0.03,0.9,0.2381218678893046
recovered,0.03,0.9,0.2585865736264635
recovered,0.03,0.9,0.23835743105904036
recovered,0.03,0.9,0.19465209775190495
recovered,0.03,0.9,0.2491870873427219
recovered,0.03,0.9,0.15418328539523926
recovered,0.03,0.9,0.13851685869030347
recovered,0.03,0.9,0.25243792189682057
recovered,0.03,0.9,0.19683971744254175
recovered,0.03,0.9,0.20492737382172155
recovered,0.03,0.9,0.13882351561821468
recovered,0.03,0.9,0.10282967345121277
recovered,0.03,0.9,0.29485898622054757
recovered,0.03,0.9,0.1252558985916818
recovered,0.03,0.9,0.2745439469997069
recovered,0.03,0.9,0.18809375962720204
recovered,0.03,0.9,0.28821271935362064
recovered,0.03,0.9,0.18014148845038797
recovered,0.03,0.9,0.11072181485850663
recovered,0.03,0.9,0.16076710236844555
recovered,0.03,0.9,0.25288868906523887
recovered,0.03,0.9,0.14513742741300692
recovered,0.03,0.9,0.18854420080386566
recovered,0.03,0.9,0.16107604886387208
recovered,0.03,0.9,0.248017861096909
recovered,0.03,0.9,0.1422050390610786
recovered,0.03,0.9,0.1347627096652869
recovered,0.03,0.9,0.19010074092354046
recovered,0.03,0.9,0.14629524691120516
recovered,0.03,0.9,0.19080626528140865
recovered,0.03,0.9,0.25756560532934625
recovered,0.03,0.9,0.2867336916891027
recovered,0.03,0.9,0.22952694468049614
recovered,0.03,0.9,0.11428196737116283
recovered,0.03,0.9,0.24979154441392465
recovered,0.03,0.9,0.12487073163494165
recovered,0.03,0.9,0.28853524814880815
recovered,0.03,0.9,0.1160883703798602
recovered,0.03,0.9,0.16446431667166
recovered,0.03,0.9,0.2923822204385673
recovered,0.03,0.9,0.2901572555612705
recovered,0.03,0.9,0.15390220519341077
recovered,0.03,0.9,0.1941001646503267
recovered,0.03,0.9,0.13629782944462518
recovered,0.03,0.9,0.19834516043820266
recovered,0.03,0.9,0.1666616787330184
recovered,0.03,0.9,0.1659607327157931
recovered,0.03,0.9,0.2890387079126421
recovered,0.03,0.9,0.19096518172034588
recovered,0.03,0.9,0.29403694536171543
recovered,0.03,0.9,0.2976238429563508
recovered,0.03,0.9,0.1826495141598643
recovered,0.03,0.9,0.25128863081111474
recovered,0.03,0.9,0.14071164767005478
recovered,0.03,0.9,0.18762321901447565
recovered,0.03,0.9,0.29462936316433885
recovered,0.03,0.9,0.1316756327610465
recovered,0.03,0.9,0.11864184025630452
recovered,0.03,0.9,0.19228957883575667
recovered,0.03,0.9,0.19967510094143903
recovered,0.03,0.9,0.15468497934265485
recovered,0.03,0.9,0.14874618121502767
recovered,0.03,0.9,0.2843736299863123
recovered,0.03,0.9,0.27280538688571765
recovered,0.03,0.9,0.18298848471026902
recovered,0.03,0.9,0.26410989463711565
recovered,0.03,0.9,0.2173875444828322
recovered,0.03,0.9,0.12971908367655782
recovered,0.03,0.9,0.2103834834141622
recovered,0.03,0.9,0.16435547004580747
recovered,0.03,0.9,0.21435952839698022
recovered,0.03,0.9,0.10872945981946039
recovered,0.03,0.9,0.26228178051297535
recovered,0.03,0.9,0.26414951034191103
recovered,0.03,0.9,0.10740392226911524
recovered,0.03,0.9,0.2739400626724431
recovered,0.03,0.9,0.20519021736151227
recovered,0.03,0.9,0.18199572394927288
recovered,0.03,0.9,0.19389812019694638
recovered,0.03,0.9,0.2385409197173764
recovered,0.03,0.9,0.27046826731317863
recovered,0.03,0.9,0.16333223078667994
recovered,0.03,0.9,0.27447660347970726
recovered,0.03,0.9,0.22623220337092811
recovered,0.03,0.9,0.2493532733475854
recovered,0.03,0.9,0.22674956575615826
recovered,0.03,0.9,0.2388002325586469
recovered,0.03,0.9,0.25922869303244234
recovered,0.03,0.9,0.1291139591398797
recovered,0.03,0.9,0.2585038947761906
recovered,0.03,0.9,0.2741679197289709
recovered,0.03,0.9,0.2825658032047109
recovered,0.03,0.9,0.15079546788270845
recovered,0.03,0.9,0.26092661539502926
recovered,0.03,0.9,0.1315951244143574
recovered,0.03,0.9,0.21751434102528427
recovered,0.03,0.9,0.15001964488154024
recovered,0.03,0.9,0.1769386497934691
recovered,0.03,0.9,0.21438453847014777
recovered,0.03,0.9,0.15904615077665388
recovered,0.03,0.9,0.15489607603564554
recovered,0.03,0.9,0.24893376823306504
recovered,0.03,0.9,0.19934545730477404
recovered,0.03,0.9,0.25977202390151977
recovered,0.03,0.9,0.22732357560117836
recovered,0.03,0.9,0.2441856753341418
recovered,0.03,0.9,0.22564962073737965
recovered,0.03,0.9,0.16178657679052721
recovered,0.03,0.9,0.24647195358784765
recovered,0.03,0.9,0.2494961729876743
recovered,0.03,0.9,0.20788155179688422
recovered,0.03,0.9,0.2826973948963394
recovered,0.03,0.9,0.26493796250848145
recovered,0.03,0.9,0.249311870143409
recovered,0.03,0.9,0.2925786585737755
recovered,0.03,0.9,0.27202811937976434
recovered,0.03,0.9,0.29345394946000647
recovered,0.03,0.9,0.2581363937177875
recovered,0.03,0.9,0.19095720554677492
recovered,0.03,0.9,0.21691201833043322
recovered,0.03,0.9,0.12166922043984614
recovered,0.03,0.9,0.27684696904297046
recovered,0.03,0.9,0.144273440014798
recovered,0.03,0.9,0.2818775276855784
recovered,0.03,0.9,0.12795540250144422
recovered,0.03,0.9,0.19852492379564118
recovered,0.03,0.9,0.1271328097412673
recovered,0.03,0.9,0.2486280243046343
recovered,0.03,0.9,0.24845380295306316
recovered,0.03,0.9,0.1198043269421057
recovered,0.03,0.9,0.29030430507621185
recovered,0.03,0.9,0.18867661721214032
recovered,0.03,0.9,0.11987092492122607
recovered,0.03,0.9,0.29556850589040934
recovered,0.03,0.9,0.13796171243221592
recovered,0.03,0.9,0.19094347371410342
recovered,0.03,0.9,0.21942919190390903
recovered,0.03,0.9,0.14871377943280473
recovered,0.03,0.9,0.11372203056487118
recovered,0.03,0.9,0.14319027038373494
recovered,0.03,0.9,0.12951083598828875
recovered,0.03,0.9,0.2716812252760352
recovered,0.03,0.9,0.15013083934562477
recovered,0.03,0.9,0.10515602995723967
recovered,0.03,0.9,0.14758632121809262
recovered,0.03,0.9,0.1104798035722353
recovered,0.03,0.9,0.24913305500679914
recovered,0.03,0.9,0.2026475915218383
recovered,0.03,0.9,0.28908312859402124
recovered,0.03,0.9,0.27339618155196765
recovered,0.03,0.9,0.2928052366244057
recovered,0.03,0.9,0.1803234509025121
recovered,0.03,0.9,0.2819401658230458
recovered,0.03,0.9,0.221659484726688
recovered,0.03,0.9,0.2266153448602031
recovered,0.03,0.9,0.29892555117218467
recovered,0.03,0.9,0.22108535830706255
recovered,0.03,0.9,0.270558547459115
recovered,0.03,0.9,0.24416798333151982
recovered,0.03,0.9,0.14569871487291688
recovered,0.03,0.9,0.18319793005229906
recovered,0.03,0.9,0.23302157261206177
recovered,0.03,0.9,0.28459700714687686
recovered,0.03,0.9,0.11864602034073549
recovered,0.03,0.9,0.2623538570554784
recovered,0.03,0.9,0.2123172827984145
recovered,0.03,0.9,0.17071961592675353
recovered,0.03,0.9,0.273618429773813
recovered,0.03,0.9,0.2200820182449354
recovered,0.03,0.9,0.1425477611344012
recovered,0.03,0.9,0.12164367638545333
recovered,0.03,0.9,0.2525211263873699
recovered,0.03,0.9,0.2690310322656716
recovered,0.03,0.9,0.22271465610709296
recovered,0.03,0.9,0.2858168581989873
recovered,0.03,0.9,0.1360832143921709
recovered,0.03,0.9,0.16796493135545168
recovered,0.03,0.9,0.21326421895227526
recovered,0.03,0.9,0.22663440253110276
recovered,0.03,0.9,0.14302657600670218
recovered,0.03,0.9,0.17401061849540078
recovered,0.03,0.9,0.21351871132287945
recovered,0.03,0.9,0.13148197942143064
recovered,0.03,0.9,0.15442056870924378
recovered,0.03,0.9,0.18840883733955582
recovered,0.03,0.9,0.12276350162204036
recovered,0.03,0.9,0.2356972509520266
recovered,0.03,0.9,0.10908347252088552
recovered,0.03,0.9,0.10153741717997658
recovered,0.03,0.9,0.1274469610514654
recovered,0.03,0.9,0.10154598131386239
recovered,0.03,0.9,0.17604148914304724
recovered,0.03,0.9,0.2666708404839756
recovered,0.03,0.9,0.27235287240451767
recovered,0.03,0.9,0.2842324869004825
recovered,0.03,0.9,0.2146799361771686
recovered,0.03,0.9,0.12303467453275965
recovered,0.03,0.9,0.2602644308620904
recovered,0.03,0.9,0.2839539503482769
recovered,0.03,0.9,0.14866329496454672
recovered,0.03,0.9,0.1791533393718666
recovered,0.03,0.9,0.16661372449862638
recovered,0.03,0.9,0.12280532796771051
recovered,0.03,0.9,0.16987505309447606
recovered,0.03,0.9,0.2630074011500028
recovered,0.03,0.9,0.13945436056479665
recovered,0.03,0.9,0.2311018021037478
recovered,0.03,0.9,0.19882340500347773
recovered,0.03,0.9,0.18978105139901258
recovered,0.03,0.9,0.22705966381211867
recovered,0.03,0.9,0.22544348137995435
recovered,0.03,0.9,0.18844161276725696
recovered,0.03,0.9,0.11123442404261562
recovered,0.03,0.9,0.19038277274013643
recovered,0.03,0.9,0.115346200234691
recovered,0.03,0.9,0.2230016776831147
recovered,0.03,0.9,0.21086327426766077
recovered,0.03,0.9,0.18994674073018125
recovered,0.03,0.9,0.16430535257608567
recovered,0.03,0.9,0.11237474002022015
recovered,0.03,0.9,0.16868755516765352
recovered,0.03,0.9,0.13451178228727298
recovered,0.03,0.9,0.18788435835252487
recovered,0.03,0.9,0.17457039642026542
recovered,0.03,0.9,0.16767342936828392
recovered,0.03,0.9,0.22946107139386138
recovered,0.03,0.9,0.2356758689680162
recovered,0.03,0.9,0.23131281728209557
recovered,0.03,0.9,0.16667240721211132
recovered,0.03,0.9,0.16996415750716884
recovered,0.03,0.9,0.17839159686707207
recovered,0.03,0.9,0.16191637748319218
recovered,0.03,0.9,0.26263695676296017
recovered,0.03,0.9,0.24775493442589655
recovered,0.03,0.9,0.22920496414669758
recovered,0.03,0.9,0.17251953379640889
recovered,0.03,0.9,0.2895336535068693
recovered,0.03,0.9,0.12751307063541586
recovered,0.03,0.9,0.12022815273357884
recovered,0.03,0.9,0.2767364330985123
recovered,0.03,0.9,0.2532615208894483
recovered,0.03,0.9,0.1324494424176901
recovered,0.03,0.9,0.26180874392786024
recovered,0.03,0.9,0.1821717222993067
recovered,0.03,0.9,0.18883974196105513
recovered,0.03,0.9,0.18978559260666805
recovered,0.03,0.9,0.26172477421815726
recovered,0.03,0.9,0.17356819164500656
recovered,0.03,0.9,0.19233599568819781
recovered,0.03,0.9,0.20549195769229653
recovered,0.03,0.9,0.2602518448303095
recovered,0.03,0.9,0.22823580724088943
recovered,0.03,0.9,0.12051794634968188
recovered,0.03,0.9,0.1570126028118657
recovered,0.03,0.9,0.28106124179564823
recovered,0.03,0.9,0.2892826526023521
recovered,0.03,0.9,0.1699170156277298
recovered,0.03,0.9,0.2004014229386471
recovered,0.03,0.9,0.17498253468355351
recovered,0.03,0.9,0.2678352575223211
recovered,0.03,0.9,0.12751991754517433
recovered,0.03,0.9,0.23921439771519673
recovered,0.03,0.9,0.1897202947964493
recovered,0.03,0.9,0.15118478568740895
recovered,0.03,0.9,0.24544695706498634
recovered,0.03,0.9,0.15762031560784612
recovered,0.03,0.9,0.1839651087506886
recovered,0.03,0.9,0.12217157905800301
recovered,0.03,0.9,0.1032870704411789
recovered,0.03,0.9,0.12871536804925202
recovered,0.03,0.9,0.1481128477613087
recovered,0.03,0.9,0.11712279099745236
recovered,0.03,0.9,0.2052118890644341
recovered,0.03,0.9,0.2108303904836391
recovered,0.03,0.9,0.227134158293726
recovered,0.03,0.9,0.10324844622178952
recovered,0.03,0.9,0.24658820429012832
recovered,0.03,0.9,0.24703739696246224
recovered,0.03,0.9,0.2092027490415383
recovered,0.03,0.9,0.25582851869565626
recovered,0.03,0.9,0.22634716955166756
recovered,0.03,0.9,0.25523807994068437
recovered,0.03,0.9,0.10876125513182462
recovered,0.03,0.9,0.2866741959900795
recovered,0.03,0.9,0.20860613953083718
recovered,0.03,0.9,0.13822068614678218
recovered,0.03,0.9,0.2731596554156115
recovered,0.03,0.9,0.1736038348629346
recovered,0.03,0.9,0.27892749899101066
recovered,0.03,0.9,0.19924064530740454
recovered,0.03,0.9,0.2038551707069884
recovered,0.03,0.9,0.11578540121109358
recovered,0.03,0.9,0.2090948794689274
recovered,0.03,0.9,0.23218384429162733
recovered,0.03,0.9,0.18522321457660906
recovered,0.03,0.9,0.10847103257002591
recovered,0.03,0.9,0.29963011955460983
recovered,0.03,0.9,0.28958087572061725
recovered,0.03,0.9,0.17266222613019647
recovered,0.03,0.9,0.2905578792559216
recovered,0.03,0.9,0.2562623939486933
recovered,0.03,0.9,0.2557030747013731
recovered,0.03,0.9,0.21344892834482387
recovered,0.03,0.9,0.2897647058531113
recovered,0.03,0.9,0.21478435566677911
recovered,0.03,0.9,0.2299121473412063
recovered,0.03,0.9,0.24713497189588554
recovered,0.03,0.9,0.21233454215192943
recovered,0.03,0.9,0.18925462248112324
recovered,0.03,0.9,0.28329578190837623
recovered,0.03,0.9,0.2705652580768645
recovered,0.03,0.9,0.18902223854849098
recovered,0.03,0.9,0.2691042437949399
recovered,0.03,0.9,0.11298781566321424
recovered,0.03,0.9,0.2702724101506252
recovered,0.03,0.9,0.22754000451280323
recovered,0.03,0.9,0.12427249101569138
recovered,0.03,0.9,0.2580746121615498
recovered,0.03,0.9,0.17378223310024415
recovered,0.03,0.9,0.2223896725241042
recovered,0.03,0.9,0.2999190087868774
recovered,0.03,0.9,0.2538329100749396
recovered,0.03,0.9,0.2944759463027532
recovered,0.03,0.9,0.2360217981299162
recovered,0.03,0.9,0.25605258576766166
recovered,0.03,0.9,0.29325292278682136
recovered,0.03,0.9,0.11108257000355543
recovered,0.03,0.9,0.13293141597802483
recovered,0.03,0.9,0.16920461646837462
recovered,0.03,0.9,0.26918674123117314
recovered,0.03,0.9,0.21016828309662794
recovered,0.03,0.9,0.2066956059536761
recovered,0.03,0.9,0.28832139757371916
recovered,0.03,0.9,0.2441265536874546
recovered,0.03,0.9,0.21272360688625913
recovered,0.03,0.9,0.1090923606582684
recovered,0.03,0.9,0.23022599549711997
recovered,0.03,0.9,0.22779823844177408
recovered,0.03,0.9,0.15793433136032115
recovered,0.03,0.9,0.2609376308431466
recovered,0.03,0.9,0.11459460510106917
recovered,0.03,0.9,0.19685022602147184
recovered,0.03,0.9,0.1625164998493866
recovered,0.03,0.9,0.2721554731508651
recovered,0.03,0.9,0.17410803961005825
recovered,0.03,0.9,0.19329451340812728
recovered,0.03,0.9,0.1193623305121143
recovered,0.03,0.9,0.2230754888327937
recovered,0.03,0.9,0.1319399324260322
recovered,0.03,0.9,0.1625429841724546
recovered,0.03,0.9,0.2029449678462969
recovered,0.03,0.9,0.10463525964327021
recovered,0.03,0.9,0.29333732611049507
recovered,0.03,0.9,0.11010808092557839
recovered,0.03,0.9,0.2308520073779234
recovered,0.03,0.9,0.26943447307869356
recovered,0.03,0.9,0.24550161267187837
recovered,0.03,0.9,0.18011632420295132
recovered,0.03,0.9,0.21064458532423033
recovered,0.03,0.9,0.25288082294144787
recovered,0.03,0.9,0.23607972802377214
recovered,0.03,0.9,0.17878074254572143
recovered,0.03,0.9,0.28778971339107506
recovered,0.03,0.9,0.20182450324503642
recovered,0.03,0.9,0.12740727471350408
recovered,0.03,0.9,0.19139771185657478
recovered,0.03,0.9,0.16559316952730524
recovered,0.03,0.9,0.298123147512228
recovered,0.03,0.9,0.16727469043033566
recovered,0.03,0.9,0.24174796128708756
recovered,0.03,0.9,0.17367156197315392
recovered,0.03,0.9,0.21674042836975727
recovered,0.03,0.9,0.23760873024055432
recovered,0.03,0.9,0.2934141392344102
recovered,0.03,0.9,0.21552687917283658
recovered,0.03,0.9,0.13410241234933187
recovered,0.03,0.9,0.2682334249916528
recovered,0.03,0.9,0.10631410266841988
recovered,0.03,0.9,0.10378747350132252
recovered,0.03,0.9,0.23810005218370509
recovered,0.03,0.9,0.2841041899794421
recovered,0.03,0.9,0.11245625720288639
recovered,0.03,0.9,0.16500990688521094
recovered,0.03,0.9,0.16275051974756344
recovered,0.03,0.9,0.16846540353636924
recovered,0.03,0.9,0.24418491226545852
recovered,0.03,0.9,0.2220153160157503
recovered,0.03,0.9,0.21161733016148082
recovered,0.03,0.9,0.15952291305538158
recovered,0.03,0.9,0.24099765194803935
recovered,0.03,0.9,0.2867400749541601
recovered,0.03,0.9,0.12437482114654302
recovered,0.03,0.9,0.29603210746427244
recovered,0.03,0.9,0.26092316679131405
recovered,0.03,0.9,0.24282825749967907
recovered,0.03,0.9,0.15128879509469642
recovered,0.03,0.9,0.20771558474173055
recovered,0.03,0.9,0.12745459096018458
recovered,0.03,0.9,0.14849160768205735
recovered,0.03,0.9,0.2275889146817275
recovered,0.03,0.9,0.2434716112500487
recovered,0.03,0.9,0.10103628928142601
recovered,0.03,0.9,0.1813814903093767
recovered,0.03,0.9,0.19548970408817928
recovered,0.03,0.9,0.16423354042383334
recovered,0.03,0.9,0.11789214410230327
recovered,0.03,0.9,0.24462353564848466
recovered,0.03,0.9,0.13501295509619263
recovered,0.03,0.9,0.2839269623701868
recovered,0.03,0.9,0.19907677946435154
recovered,0.03,0.9,0.2852079395792886
recovered,0.03,0.9,0.21359237373289908
recovered,0.03,0.9,0.15691233047000924
recovered,0.03,0.9,0.19878248406836382
recovered,0.03,0.9,0.193604153801258
recovered,0.03,0.9,0.13249885250794774
recovered,0.03,0.9,0.13723981382561354
recovered,0.03,0.9,0.21355624448418786
recovered,0.03,0.9,0.27122930085469155
recovered,0.03,0.9,0.2030561317919592
recovered,0.03,0.9,0.136956240209468
recovered,0.03,0.9,0.149609416733429
recovered,0.03,0.9,0.2507513303562914
recovered,0.03,0.9,0.24457650568019948
recovered,0.03,0.9,0.23855371808454776
recovered,0.03,0.9,0.16136126840072396
recovered,0.03,0.9,0.2790236739632508
recovered,0.03,0.9,0.12348314916895527
recovered,0.03,0.9,0.22292508962876978
recovered,0.03,0.9,0.13063711293783584
recovered,0.03,0.9,0.18316912308624494
recovered,0.03,0.9,0.20750353753864015
recovered,0.03,0.9,0.14949308586171556
recovered,0.03,0.9,0.11637406129465498
recovered,0.03,0.9,0.11562054442948805
recovered,0.03,0.9,0.2095298497421863
recovered,0.03,0.9,0.12997047627648287
recovered,0.03,0.9,0.12324800443693285
recovered,0.03,0.9,0.11818832889033758
recovered,0.03,0.9,0.1906864600359564
recovered,0.03,0.9,0.11154735618650496
recovered,0.03,0.9,0.24465601596500045
recovered,0.03,0.9,0.24916089656636312
recovered,0.03,0.9,0.1689057733124269
recovered,0.03,0.9,0.28691655977698927
recovered,0.03,0.9,0.10634697420461581
recovered,0.03,0.9,0.25316553658474233
recovered,0.03,0.9,0.18407238777646556
recovered,0.03,0.9,0.2739240570621417
recovered,0.03,0.9,0.23654607082030826
recovered,0.03,0.9,0.2307068196837404
recovered,0.03,0.9,0.20745169727960022
recovered,0.03,0.9,0.1445380431932533
recovered,0.03,0.9,0.15967259774059636
recovered,0.03,0.9,0.20638672169935174
recovered,0.03,0.9,0.16923194699752536
recovered,0.03,0.9,0.24500478918178367
recovered,0.03,0.9,0.1838481196983504
recovered,0.03,0.9,0.10312915927270992
recovered,0.03,0.9,0.10671525515085617
recovered,0.03,0.9,0.10973526424874983
recovered,0.03,0.9,0.14686785569751232
recovered,0.03,0.9,0.11128880700489219
recovered,0.03,0.9,0.2631572513526633
recovered,0.03,0.9,0.21958353485545246
recovered,0.03,0.9,0.16035288702884065
recovered,0.03,0.9,0.14420854808920652
recovered,0.03,0.9,0.28970405100534424
recovered,0.03,0.9,0.225198627529666
recovered,0.03,0.9,0.2944580470687371
recovered,0.03,0.9,0.2571609191961036
recovered,0.03,0.9,0.12984352156503273
recovered,0.03,0.9,0.194703764082444
recovered,0.03,0.9,0.24151535949759442
recovered,0.03,0.9,0.21247718991738182
recovered,0.03,0.9,0.1268185502118156
recovered,0.03,0.9,0.22934117030958892
recovered,0.03,0.9,0.11849279930537274
recovered,0.03,0.9,0.15369231757099625
recovered,0.03,0.9,0.2747240916979079
recovered,0.03,0.9,0.24486104797042982
recovered,0.03,0.9,0.2738947703049076
recovered,0.03,0.9,0.10306674124569858
recovered,0.03,0.9,0.1234632398886669
recovered,0.03,0.9,0.1485186363691483
recovered,0.03,0.9,0.2830252919187113
recovered,0.03,0.9,0.1761323488745845
recovered,0.03,0.9,0.15231232547707052
recovered,0.03,0.9,0.11972164631309601
recovered,0.03,0.9,0.26794623631273695
recovered,0.03,0.9,0.18278603411572492
recovered,0.03,0.9,0.1291845426205097
recovered,0.03,0.9,0.2158285852074801
recovered,0.03,0.9,0.16597305719557198
recovered,0.03,0.9,0.1998602964738645
recovered,0.03,0.9,0.15146535152697654
recovered,0.03,0.9,0.22833889087974144
recovered,0.03,0.9,0.2589951028707268
recovered,0.03,0.9,0.19766326425082648
recovered,0.03,0.9,0.2283618926364733
recovered,0.03,0.9,0.26933947663654445
recovered,0.03,0.9,0.25286776871440386
recovered,0.03,0.9,0.1462866784154891
recovered,0.03,0.9,0.201146583938613
recovered,0.03,0.9,0.23335094591066793
recovered,0.03,0.9,0.19757087680061425
recovered,0.03,0.9,0.10237019362557849
recovered,0.03,0.9,0.2954958696465023
recovered,0.03,0.9,0.23480659042384205
recovered,0.03,0.9,0.12140328573889858
recovered,0.03,0.9,0.13838641139832264
recovered,0.03,0.9,0.15346494733532717
recovered,0.03,0.9,0.1812054819747772
recovered,0.03,0.9,0.14517145052548444
recovered,0.03,0.9,0.23074714391183063
recovered,0.03,0.9,0.1187001010854219
recovered,0.03,0.9,0.11122298782579315
recovered,0.03,0.9,0.19997167862255838
recovered,0.03,0.9,0.213171325590207
recovered,0.03,0.9,0.2056318371283296
recovered,0.03,0.9,0.2736233781163211
recovered,0.03,0.9,0.10931239414834866
recovered,0.03,0.9,0.2798623301730017
recovered,0.03,0.9,0.28575327225093183
recovered,0.03,0.9,0.21740722081689767
recovered,0.03,0.9,0.17965920407902441
recovered,0.03,0.9,0.14809443886085735
recovered,0.03,0.9,0.27930515340054396
recovered,0.03,0.9,0.12799011884703945
recovered,0.03,0.9,0.20015857032754503
recovered,0.03,0.9,0.18741765056869983
recovered,0.03,0.9,0.25380113067308846
recovered,0.03,0.9,0.2547109832262645
recovered,0.03,0.9,0.29851717569015945
recovered,0.03,0.9,0.28822856899414506
recovered,0.03,0.9,0.23213438150297508
recovered,0.03,0.9,0.2596110347605493
recovered,0.03,0.9,0.1308441927731037
recovered,0.03,0.9,0.2479310577953189
recovered,0.03,0.9,0.10103904447400602
recovered,0.03,0.9,0.1539532886478773
recovered,0.03,0.9,0.1897687354042903
recovered,0.03,0.9,0.10525238080265945
recovered,0.03,0.9,0.21960875955885456
recovered,0.03,0.9,0.1583694702592642
recovered,0.03,0.9,0.2802272089712866
recovered,0.03,0.9,0.2143920861499079
recovered,0.03,0.9,0.12776801179188335
recovered,0.03,0.9,0.11265343005539089
recovered,0.03,0.9,0.1968462627867857
recovered,0.03,0.9,0.1493180136694006
recovered,0.03,0.9,0.1391096449760521
recovered,0.03,0.9,0.289764692478913
recovered,0.03,0.9,0.2608152923914765
recovered,0.03,0.9,0.2630950940006006
recovered,0.03,0.9,0.12722489431565295
recovered,0.03,0.9,0.14017029774041434
recovered,0.03,0.9,0.2937450443493391
recovered,0.03,0.9,0.19820146257842047
recovered,0.03,0.9,0.17521106046482943
recovered,0.03,0.9,0.12277756472239963
recovered,0.03,0.9,0.20912581709016442
recovered,0.03,0.9,0.2906009222972592
recovered,0.03,0.9,0.1876909908617817
recovered,0.03,0.9,0.2637931136008917
recovered,0.03,0.9,0.19986064305779205
recovered,0.03,0.9,0.23173259370646362
recovered,0.03,0.9,0.1147930271164577
recovered,0.03,0.9,0.18016101946587473
recovered,0.03,0.9,0.23834177317962152
recovered,0.03,0.9,0.17190589860325198
recovered,0.03,0.9,0.2276360734021682
recovered,0.03,0.9,0.23152032891615312
recovered,0.03,0.9,0.10885933870556992
recovered,0.03,0.9,0.17992354924501647
recovered,0.03,0.9,0.18609110877803645
recovered,0.03,0.9,0.20213524810500894
recovered,0.03,0.9,0.2150470796540852
recovered,0.03,0.9,0.2544684464924864
recovered,0.03,0.9,0.16899347751990365
recovered,0.03,0.9,0.1831950857051425
recovered,0.03,0.9,0.2881352316292386
recovered,0.03,0.9,0.1910665270451754
recovered,0.03,0.9,0.1952325062418327
recovered,0.03,0.9,0.16378189484354008
recovered,0.03,0.9,0.1230170533397572
recovered,0.03,0.9,0.2354278665781768
recovered,0.03,0.9,0.14878258931039853
recovered,0.03,0.9,0.2119697904979726
recovered,0.03,0.9,0.18100948725605057
recovered,0.03,0.9,0.18642689048585648
recovered,0.03,0.9,0.13946488715644928
recovered,0.03,0.9,0.2409471231919469
recovered,0.03,0.9,0.26174595772625214
recovered,0.03,0.9,0.274395866001977
recovered,0.03,0.9,0.19151008444123707
recovered,0.03,0.9,0.20554300392555652
recovered,0.03,0.9,0.22226168422780035
recovered,0.03,0.9,0.2691035605339118
recovered,0.03,0.9,0.241197672189196
recovered,0.03,0.9,0.11695039372460557
recovered,0.03,0.9,0.16107600050709978
recovered,0.03,0.9,0.20216497389743215
recovered,0.03,0.9,0.1767419925675374
recovered,0.03,0.9,0.23868658530587106
recovered,0.03,0.9,0.21098251516649946
recovered,0.03,0.9,0.16291600293216885
recovered,0.03,0.9,0.17180783443427378
recovered,0.03,0.9,0.2630431881307723
recovered,0.03,0.9,0.19899396957328072
recovered,0.03,0.9,0.26797836042024453
recovered,0.03,0.9,0.10617214112860096
recovered,0.03,0.9,0.15497058365470678
recovered,0.03,0.9,0.1914642774546898
recovered,0.03,0.9,0.20994523690761024
recovered,0.03,0.9,0.2550226055727991
recovered,0.03,0.9,0.2645221855592522
recovered,0.03,0.9,0.2092706549443929
recovered,0.03,0.9,0.2660141433085079
recovered,0.03,0.9,0.29986253385578154
recovered,0.03,0.9,0.2633457170232877
recovered,0.03,0.9,0.2551263299761547
recovered,0.03,0.9,0.2175847793953621
recovered,0.03,0.9,0.2265541261854277
recovered,0.03,0.9,0.14132393123735468
recovered,0.03,0.9,0.17016309579056618
recovered,0.03,0.9,0.16473072317093634
recovered,0.03,0.9,0.15346861325561603
recovered,0.03,0.9,0.235859863184662
recovered,0.03,0.9,0.25713820965825945
recovered,0.03,0.9,0.2734095180867557
recovered,0.03,0.9,0.14993544838762796
recovered,0.03,0.9,0.2522947174959714
recovered,0.03,0.9,0.2154851058608323
recovered,0.03,0.9,0.19039834451007287
recovered,0.03,0.9,0.11861895680852348
recovered,0.03,0.9,0.287267222817715
recovered,0.03,0.9,0.16545785603218605
recovered,0.03,0.9,0.24654480530789738
recovered,0.03,0.9,0.2328287641663685
recovered,0.03,0.9,0.20688489287751297
recovered,0.03,0.9,0.14237029328154766
recovered,0.03,0.9,0.16755103103415747
recovered,0.03,0.9,0.197067580801701
recovered,0.03,0.9,0.1096818522303446
recovered,0.03,0.9,0.19191635253471337
recovered,0.03,0.9,0.18825718977528533
recovered,0.03,0.9,0.14046364127947994
recovered,0.03,0.9,0.22999943986813054
recovered,0.03,0.9,0.15480389161905644
recovered,0.03,0.9,0.17436875352935316
recovered,0.03,0.9,0.17926831338644664
recovered,0.03,0.9,0.1468287682968839
recovered,0.03,0.9,0.10021726073834475
recovered,0.03,0.9,0.1452381722918812
recovered,0.03,0.9,0.23911942145760973
recovered,0.03,0.9,0.184462786755012
recovered,0.03,0.9,0.17661398513515453
recovered,0.03,0.9,0.16267029548818124
recovered,0.03,0.9,0.25469209673012483
recovered,0.03,0.9,0.298588031049277
recovered,0.03,0.9,0.10169494839060192
recovered,0.03,0.9,0.24448640527286447
recovered,0.03,0.9,0.18234197887193562
recovered,0.03,0.9,0.1173376066931977
recovered,0.03,0.9,0.21791478355230262
recovered,0.03,0.9,0.16290073363643387
recovered,0.03,0.9,0.11684974319959734
recovered,0.03,0.9,0.22151861978310466
recovered,0.03,0.9,0.2695784208879918
recovered,0.03,0.9,0.2035498255594475
recovered,0.03,0.9,0.15910841024841332
recovered,0.03,0.9,0.2909343022694305
recovered,0.03,0.9,0.1999165082545315
recovered,0.03,0.9,0.2955393895686671
recovered,0.03,0.9,0.1263965761465404
recovered,0.03,0.9,0.17308249256961974
recovered,0.03,0.9,0.2908905967881773
recovered,0.03,0.9,0.11350651385455345
recovered,0.03,0.9,0.11209377191764114
recovered,0.03,0.9,0.2257141392121152
recovered,0.03,0.9,0.24036212772470325
recovered,0.03,0.9,0.22320941113334958
recovered,0.03,0.9,0.20226093965906627
recovered,0.03,0.9,0.20727803457789168
recovered,0.03,0.9,0.2669052938369505
recovered,0.03,0.9,0.23973517632109825
recovered,0.03,0.9,0.11158118880462609
recovered,0.03,0.9,0.19067436845942853
recovered,0.03,0.9,0.24833870181151085
recovered,0.03,0.9,0.24158012142361965
recovered,0.03,0.9,0.29060324035093954
recovered,0.03,0.9,0.2441531036186918
recovered,0.03,0.9,0.2562247959873975
recovered,0.03,0.9,0.2542860580979249
recovered,0.03,0.9,0.15439611900427075
recovered,0.03,0.9,0.2153303349428368
recovered,0.03,0.9,0.17202477910435066
recovered,0.03,0.9,0.17353755557136236
recovered,0.03,0.9,0.2147824610384113
recovered,0.03,0.9,0.20176497698212936
recovered,0.03,0.9,0.14891029007134068
recovered,0.03,0.9,0.13001693364823003
recovered,0.03,0.9,0.2105729576991729
recovered,0.03,0.9,0.1838738608725597
recovered,0.03,0.9,0.24405758428563942
recovered,0.03,0.9,0.17456163334757227
recovered,0.03,0.9,0.13586887005446113
recovered,0.03,0.9,0.2908158814920855
recovered,0.03,0.9,0.15646137412418049
recovered,0.03,0.9,0.2106182790648135
recovered,0.03,0.9,0.21276134816483738
recovered,0.03,0.9,0.19278533811609985
recovered,0.03,0.9,0.25452265259010487
recovered,0.03,0.9,0.2520964440643393
recovered,0.03,0.9,0.18200722191320398
recovered,0.03,0.9,0.26791480137923473
recovered,0.03,0.9,0.10029240810711555
recovered,0.03,0.9,0.2454430078081945
recovered,0.03,0.9,0.14763351890417314
recovered,0.03,0.9,0.2993918540215097
recovered,0.03,0.9,0.2842548805944213
recovered,0.03,0.9,0.24016938193973592
recovered,0.03,0.9,0.11698048350329791
recovered,0.03,0.9,0.26399257837884316
recovered,0.03,0.9,0.18699657568699707
recovered,0.03,0.9,0.152198187784722
recovered,0.03,0.9,0.24014512126430843
recovered,0.03,0.9,0.15439117436649089
recovered,0.03,0.9,0.25598739649377256
recovered,0.03,0.9,0.13287499613995363
recovered,0.03,0.9,0.20718490981800472
recovered,0.03,0.9,0.1616615436425009
recovered,0.03,0.9,0.13152307541310324
recovered,0.03,0.9,0.23937559664741528
recovered,0.03,0.9,0.1655587317769584
recovered,0.03,0.9,0.17114855110085675
recovered,0.03,0.9,0.15203335854424477
recovered,0.03,0.9,0.18087844528943492
recovered,0.03,0.9,0.1499705256443102
recovered,0.03,0.9,0.12795860785462448
recovered,0.03,0.9,0.2965134474967243
recovered,0.03,0.9,0.17444794876319952
recovered,0.03,0.9,0.21646476028281264
recovered,0.03,0.9,0.10436003654772255
recovered,0.03,0.9,0.18868626476719774
recovered,0.03,0.9,0.26587123544348357
recovered,0.03,0.9,0.19219898440038813
recovered,0.03,0.9,0.26433708030645675
recovered,0.03,0.9,0.23664258335033656
recovered,0.03,0.9,0.13743022274223232
recovered,0.03,0.9,0.10692988874630119
recovered,0.03,0.9,0.1590210325999433
recovered,0.03,0.9,0.11219581378656857
recovered,0.03,0.9,0.13989156133331732
recovered,0.03,0.9,0.22615087776495107
recovered,0.03,0.9,0.29788072315230674
recovered,0.03,0.9,0.2089035612068103
recovered,0.03,0.9,0.20047865110874835
recovered,0.03,0.9,0.1637755134658759
recovered,0.03,0.9,0.2557076562656949
recovered,0.03,0.9,0.20588645839308634
recovered,0.03,0.9,0.2947959723467004
recovered,0.03,0.9,0.1533054002131366
recovered,0.03,0.9,0.11118173117048996
recovered,0.03,0.9,0.26930101809302665
recovered,0.03,0.9,0.2678444504611819
recovered,0.03,0.9,0.21850390183628254
recovered,0.03,0.9,0.2827960008257069
recovered,0.03,0.9,0.28951174701400306
recovered,0.03,0.9,0.13764673298105126
recovered,0.03,0.9,0.19844534477908105
recovered,0.03,0.9,0.11805147537018057
recovered,0.03,0.9,0.20528970282970216
recovered,0.03,0.9,0.14029287667042822
recovered,0.03,0.9,0.2837561574614412
recovered,0.03,0.9,0.10438257924871447
recovered,0.03,0.9,0.2548732997639784
recovered,0.03,0.9,0.29211175005515155
recovered,0.03,0.9,0.17911911247077086
recovered,0.03,0.9,0.127290333771498
recovered,0.03,0.9,0.2583685049999743
recovered,0.03,0.9,0.13484053419110614
recovered,0.03,0.9,0.28576904179708507
recovered,0.03,0.9,0.2177900311566207
recovered,0.03,0.9,0.23769968791979143
recovered,0.03,0.9,0.2897576208442575
recovered,0.03,0.9,0.2988566261095261
recovered,0.03,0.9,0.22047773349019423
recovered,0.03,0.9,0.14417905008740242
recovered,0.03,0.9,0.12812867362971367
recovered,0.03,0.9,0.29647593098807135
recovered,0.03,0.9,0.11774520251402527
recovered,0.03,0.9,0.27733070304356433
recovered,0.03,0.9,0.14990817262705575
recovered,0.03,0.9,0.12160692024292585
recovered,0.03,0.9,0.24651689889975373
recovered,0.03,0.9,0.19861639869476952
recovered,0.03,0.9,0.12028571192742432
